speed: 3
detectionRadius: 150
centerPull: 1
separationWeight: 5
cohesionWeight: 4
alignmentWeight: 6
Vehicles: (897.314869260016 333.00721001729784, -2.9909340837994085 0.2330521537488805); (885.5050397256837 281.04858653562803, -2.925073219346687 -0.6662932248348375); (809.1875247277576 368.77595672833115, -2.8255575388211858 -1.0080796569769495); 
