speed: 0.5
detectionRadius: 50
centerPull: 1
separationWeight: -5
cohesionWeight: 4
alignmentWeight: 6
Vehicles: (661.1600049880966 544.0099897164087, 0.11137998223971038 -2.997931703617726); (744.5455310853572 500.4476603966247, 2.5070298046242203 -1.647665487508264); (794.1149350541385 493.21392298954885, 2.5585582517720136 -1.5664544909729552); (708.6210836150758 534.8633693739573, 1.134063525520636 -2.7773908475552567); 